input,sort1,sort2
1,0,0
2,1,1
3,3,3
4,6,5
5,10,8
6,15,11
7,21,15
8,28,19
9,36,24
10,45,29
